
Record time: 2021-Mar-25 13:07:36
model_type: x type
mission: Fixed Yaw
0 4.64156e-310 6.9529e-310 6.94154e-310 -6.94154e-310 6.94154e-310 4.64156e-310 0 6.94154e-310 6.94154e-310 6.94154e-310 0 9.88131e-324 4.94066e-324 0 0 0 1.68571e+69 1.39065e-309 0 0 6.94154e-310 1.39065e-309 6.94154e-310 4.64156e-310 0 1.0151e+242 nan 0 0 0.5 
19.46 -0.562172 -1.12905e-11 -0.434405 0.434405 -6.24477e-05 0.161891 0.000147547 -3.52919e-12 0.0398084 -3.58124e-12 -0.312497 -6.98203e-12 -0.0506237 0 0 0 0 0 0 0 6.94154e-310 1.39065e-309 6.94154e-310 4.64156e-310 0 1.0151e+242 nan 0 0 0.5 
20.46 -0.896077 -1.51097e-11 -0.367179 0.367179 -0.000152093 0.171937 -0.000118049 -7.46731e-12 -0.0181426 -3.82373e-12 -0.366873 -5.91108e-12 0.0561143 0 0 0 0 0 0 0 6.94154e-310 1.39065e-309 6.94154e-310 4.64156e-310 0 1.0151e+242 nan 0 0 0.5 
21.46 -1.26752 -1.69285e-11 -0.213826 0.213826 0.000144106 0.129452 6.94208e-05 5.77334e-12 -0.0613578 -3.78347e-12 -0.40547 -4.19692e-12 0.118416 0 0 0 0 0 0 0 6.94154e-310 1.39065e-309 6.94154e-310 4.64156e-310 0 1.0151e+242 nan 0 0 0.5 
22.46 -1.60264 -0.00312679 -0.213945 0.213945 0.000676835 0.117167 0.00570356 0.000207627 0.0423118 0.00707139 -0.204449 -0.0100531 -0.144359 0 0 0 -0.176141 -0.176141 -0.176141 -0.176141 40 -10 10 0 -0.523599 1.5432 9.78606 12.1438 0.529435 0.116276 
23.46 -1.53616 -0.0110505 -0.30637 0.30637 0.00270892 0.150953 0.0159616 0.00087548 0.0179299 0.0544325 0.303246 -0.0306266 -0.0143064 0 0 0 -0.521219 -0.521219 -0.521219 -0.521219 40 -10 10 0 -0.523599 1.5432 9.69363 12.1174 0.538449 0.150667 
24.46 -1.05317 -0.0677272 -0.335154 0.335154 0.0194388 0.170189 0.122478 0.000665897 0.0674505 0.107058 0.606191 -0.116116 0.110117 0 0 0 -0.523544 -0.523544 -0.113945 -0.113945 40 -10 10 0 -0.523599 1.5432 9.66485 11.925 0.643829 0.168806 
25.46 -0.175157 -0.0474775 -0.359035 0.359035 0.0319227 0.203671 0.18975 -0.000190277 0.0123714 0.018433 1.05315 -0.104068 0.15319 0 0 0 -0.150595 -0.150595 0.0234565 0.0234565 40 -10 10 0 -0.523599 1.5432 9.64097 11.4684 0.712881 0.203461 
26.46 1.11221 0.13132 -0.483612 0.483612 0.033681 0.20953 0.197707 1.73441e-05 0.00275471 -0.00649946 1.49372 -0.0433403 0.141066 0 0 0 -0.0647618 -0.0647618 0.0446425 0.0446425 40 -10 10 0 -0.523599 1.5432 9.51639 10.6699 0.72163 0.209507 
27.46 2.76019 0.428551 -0.707642 0.707642 0.0294447 0.207378 0.177478 9.70735e-05 -0.00566438 -0.0292546 1.82049 0.00490239 0.119831 0 0 0 -0.0136471 -0.0136471 0.0514852 0.0514852 40 -10 10 0 -0.523599 1.5432 9.29236 9.58851 0.701807 0.207259 
28.46 4.72154 0.774555 -1.00823 1.00823 0.0216633 0.201302 0.138453 0.000181461 -0.00824679 -0.0465211 2.13602 0.0495708 0.102827 0 0 0 0.0129021 0.0128949 0.0589219 0.0589235 40 -10 10 0 -0.523599 1.5432 8.99177 8.30819 0.662709 0.201385 
29.46 6.95184 1.09262 -1.36084 1.36084 0.0106027 0.194172 0.081214 0.000270955 -0.00810299 -0.0648312 2.38972 0.0823632 0.0906235 0 0 0 0.0288721 0.028872 0.0648226 0.0648226 40 -10 10 0 -0.523599 1.5432 8.63916 6.91758 0.605975 0.194245 
30.46 9.40826 1.30161 -1.74653 1.74653 -0.00292907 0.185588 0.00854714 0.000350923 -0.00862608 -0.0767297 2.56472 0.10035 0.0837653 0 0 0 0.0370377 0.0370377 0.0673206 0.0673206 40 -10 10 0 -0.523599 1.5432 8.25347 5.50839 0.533825 0.185845 
31.46 12.0435 1.33125 -2.14822 2.14822 -0.0172287 0.176537 -0.0737156 0.000402037 -0.00809488 -0.0840369 2.72702 0.113393 0.0790293 0 0 0 0.0406512 0.0406512 0.0675011 0.0675011 40 -10 10 0 -0.523599 1.5432 7.85178 4.16512 0.451576 0.176663 
32.46 14.8077 1.12963 -2.55357 2.55357 -0.0315935 0.166773 -0.160116 0.000422529 -0.00714636 -0.0847818 2.855 0.115969 0.0762075 0 0 0 0.0395462 0.0395462 0.0651682 0.0651682 40 -10 10 0 -0.523599 1.5432 7.44643 2.95759 0.364986 0.167124 
33.46 17.6525 0.67049 -2.95244 2.95244 -0.0447098 0.157072 -0.243218 0.000406563 -0.00607388 -0.0791 2.94329 0.110887 0.074838 0 0 0 0.0351196 0.0351196 0.0599085 0.0599085 40 -10 10 0 -0.523599 1.5432 7.04756 1.93286 0.281961 0.15714 
34.46 20.5359 -0.0455574 -3.33883 3.33883 -0.0554304 0.147635 -0.318054 0.000374271 -0.00523944 -0.0691311 3.02747 0.0988261 0.073981 0 0 0 0.0284902 0.0284902 0.052878 0.052878 40 -10 10 0 -0.523599 1.5432 6.66117 1.11125 0.207083 0.147715 
35.46 23.4274 -0.997838 -3.70956 3.70956 -0.0641793 0.139087 -0.381482 0.000317843 -0.00411618 -0.0573962 3.09514 0.0827578 0.0736093 0 0 0 0.0210998 0.0210998 0.0454908 0.0454908 40 -10 10 0 -0.523599 1.5432 6.29044 0.4902 0.143376 0.139298 
36.46 26.3084 -2.15308 -4.06418 4.06418 -0.0709314 0.131905 -0.432648 0.000259475 -0.00336797 -0.0454757 3.14238 0.0679477 0.0733005 0 0 0 0.0138691 0.0138691 0.0381593 0.0381593 40 -10 10 0 -0.523599 1.5432 5.93582 0.0501943 0.0918277 0.132062 
37.46 29.1704 -3.47418 -4.40376 4.40376 -0.0756676 0.126089 -0.472329 0.000199549 -0.00279757 -0.0342675 3.18693 0.0510226 0.0731012 0 0 0 0.00729197 0.00729197 0.0314853 0.0314853 40 -10 10 0 -0.523599 1.5432 5.59624 -0.236714 0.0520167 0.12624 
38.46 32.0125 -4.92464 -4.73018 4.73018 -0.0791709 0.121213 -0.501527 0.000144282 -0.00236409 -0.024733 3.22201 0.0358121 0.0728153 0 0 0 0.00171389 0.00171389 0.0257691 0.0257691 40 -10 10 0 -0.523599 1.5432 5.26982 -0.401637 0.0226049 0.121058 
39.46 34.838 -6.47204 -5.04551 5.04551 -0.0814219 0.117216 -0.522039 9.5808e-05 -0.00215984 -0.0167878 3.2459 0.0244865 0.0725464 0 0 0 -0.00285601 -0.00285601 0.0209947 0.0209947 40 -10 10 0 -0.523599 1.5432 4.95449 -0.474327 0.00201875 0.117221 
40.46 37.6524 -8.08886 -5.35152 5.35152 -0.0828655 0.11401 -0.535013 5.55654e-05 -0.00203902 -0.0105614 3.26796 0.0135043 0.0722076 0 0 0 -0.00643041 -0.00643041 0.0171875 0.0171875 40 -10 10 0 -0.523599 1.5432 4.64848 -0.481283 -0.0114498 0.114108 
41.46 40.4612 -9.75293 -5.64964 5.64964 -0.083729 0.111395 -0.542876 2.30809e-05 -0.0019754 -0.00582806 3.28508 0.00491366 0.071898 0 0 0 -0.00915899 -0.00915899 0.0142621 0.0142621 40 -10 10 0 -0.523599 1.5432 4.35036 -0.444568 -0.0192369 0.111451 
42.46 43.2696 -11.447 -5.94086 5.94086 -0.0841934 0.108864 -0.546783 -1.32272e-06 -0.00202634 -0.00236715 3.29666 -0.000685649 0.071574 0 0 0 -0.0111093 -0.0111093 0.0120548 0.0120548 40 -10 10 0 -0.523599 1.5432 4.05914 -0.3817 -0.0231219 0.10903 
43.46 46.0816 -13.158 -6.22572 6.22572 -0.0841448 0.106761 -0.547645 -1.7903e-05 -0.00221036 -6.55112e-05 3.30743 -0.0052363 0.071253 0 0 0 -0.0123523 -0.0123523 0.0105031 0.0105031 40 -10 10 0 -0.523599 1.5432 3.77428 -0.305837 -0.0240668 0.106936 
44.46 48.8999 -14.8771 -6.50439 6.50439 -0.0839193 0.10476 -0.546699 -3.05025e-05 -0.00224825 0.00172959 3.31593 -0.00854933 0.0709475 0 0 0 -0.0133186 -0.0133186 0.00935945 0.00935945 40 -10 10 0 -0.523599 1.5432 3.49561 -0.226223 -0.0230526 0.104787 
45.46 51.7266 -16.5972 -6.77689 6.77689 -0.0840389 0.102359 -0.543884 -3.93836e-05 -0.00237026 0.00283032 3.32188 -0.0105101 0.0706844 0 0 0 -0.0138881 -0.0138881 0.0085746 0.0085746 40 -10 10 0 -0.523599 1.5432 3.22311 -0.14994 -0.0208283 0.102526 
46.46 54.5632 -18.3136 -7.04304 7.04304 -0.0836847 0.100374 -0.540777 -4.39889e-05 -0.00247762 0.00332577 3.32765 -0.0117582 0.0704487 0 0 0 -0.0141287 -0.0141287 0.0081557 0.0081557 40 -10 10 0 -0.523599 1.5432 2.95696 -0.0818621 -0.0171779 0.100374 
47.46 57.4102 -20.0234 -7.30256 7.30256 -0.0832302 0.0980745 -0.537146 -4.54878e-05 -0.00262255 0.00339678 3.3325 -0.0121538 0.0702 0 0 0 -0.0141086 -0.0141086 0.00797943 0.00797943 40 -10 10 0 -0.523599 1.5432 2.69744 -0.0246113 -0.0135472 0.0980745 
48.46 60.2674 -21.7255 -7.55497 7.55497 -0.0829605 0.0957064 -0.533689 -4.45007e-05 -0.00270191 0.00313621 3.33615 -0.0119933 0.0700611 0 0 0 -0.0139347 -0.0139347 0.00802595 0.00802595 40 -10 10 0 -0.523599 1.5432 2.44503 0.0209172 -0.0100906 0.0957064 
49.46 63.1342 -23.4201 -7.79982 7.79982 -0.0826197 0.0933223 -0.53039 -4.32704e-05 -0.00285416 0.00268534 3.34001 -0.0115236 0.0698464 0 0 0 -0.0136254 -0.0136254 0.0081547 0.0081547 40 -10 10 0 -0.523599 1.5432 2.20018 0.0550232 -0.00679108 0.0933223 
50.46 66.0099 -25.1077 -8.03657 8.03657 -0.0826618 0.0905163 -0.527638 -4.04773e-05 -0.00287862 0.00222646 3.34357 -0.0108331 0.0697014 0 0 0 -0.0133421 -0.0133421 0.00836372 0.00836372 40 -10 10 0 -0.523599 1.5432 1.96343 0.0787342 -0.00403956 0.0905163 
51.46 68.8934 -26.7896 -8.26475 8.26475 -0.0823953 0.0877227 -0.525639 -3.70737e-05 -0.00302354 0.00161946 3.3465 -0.0100716 0.0695504 0 0 0 -0.0129414 -0.0129414 0.00860457 0.00860457 40 -10 10 0 -0.523599 1.5432 1.73525 0.0935396 -0.00204014 0.0877227 
52.46 71.7838 -28.4673 -8.48385 8.48385 -0.082364 0.0846515 -0.523946 -3.41319e-05 -0.00314047 0.00116881 3.34983 -0.00929043 0.0693618 0 0 0 -0.0126134 -0.0126134 0.00878911 0.00878911 40 -10 10 0 -0.523599 1.5432 1.51615 0.101245 -0.00034756 0.0846515 
53.46 74.6803 -30.1422 -8.69332 8.69332 -0.0822132 0.0816486 -0.522694 -3.16357e-05 -0.003304 0.000658912 3.35315 -0.00854431 0.0691574 0 0 0 -0.0122519 -0.0122519 0.00896983 0.00896983 40 -10 10 0 -0.523599 1.5432 1.30668 0.103497 0.000904347 0.0816486 
54.46 77.5819 -31.8155 -8.89256 8.89256 -0.0821338 0.0784704 -0.521969 -2.93431e-05 -0.0034586 0.000285868 3.35602 -0.00799387 0.0689825 0 0 0 -0.0119477 -0.0119477 0.00909581 0.00909581 40 -10 10 0 -0.523599 1.5432 1.10744 0.101866 0.00162998 0.0784704 
55.46 80.4881 -33.4887 -9.08091 9.08091 -0.0822147 0.0747585 -0.521511 -2.69841e-05 -0.0037121 -1.78058e-05 3.35947 -0.0074297 0.0686684 0 0 0 -0.0116397 -0.0116397 0.00913796 0.00913796 40 -10 10 0 -0.523599 1.5432 0.919092 0.0977387 0.00208768 0.0747585 
56.46 83.3985 -35.1626 -9.25753 9.25753 -0.0821635 0.07105 -0.521534 -2.5556e-05 -0.00405329 -0.000204024 3.36305 -0.00704417 0.0682082 0 0 0 -0.0113423 -0.0113423 0.00907412 0.00907412 40 -10 10 0 -0.523599 1.5432 0.742468 0.0921695 0.002065 0.07105 
57.46 86.3129 -36.838 -9.42136 9.42136 -0.0822353 0.0657307 -0.521465 -2.52513e-05 -0.00977707 -0.000456476 3.36633 -0.00672586 0.0655724 0 0 0 -0.00886597 -0.00886597 0.00687642 0.00687642 40 -10 10 0 -0.523599 1.5432 0.610364 0.0871794 0.00233074 0.0672919 
58.46 89.232 -38.5152 -9.56213 9.56213 -0.0821515 0.0521926 -0.520621 -2.5458e-05 -0.0145814 -0.000767296 3.37125 -0.00626055 0.0571653 0 0 0 -0.00606628 -0.00606628 0.00448325 0.00448325 40 -10 10 0 -0.523599 1.5432 0.462904 0.0804002 0.0026233 0.0553019 
59.46 92.1584 -40.1945 -9.65935 9.65935 -0.0822253 0.0383683 -0.520443 -2.26254e-05 -0.0127556 -0.00109258 3.37857 -0.00567942 0.0566004 0 0 0 -0.00635881 -0.00635881 0.00510722 0.00510722 40 -10 10 0 -0.523599 1.5432 0.356338 0.0718773 0.00316086 0.0411616 
60.46 95.0929 -41.878 -9.71199 9.71199 -0.0823429 0.0274498 -0.52081 -2.0074e-05 -0.00869863 -0.00129939 3.3864 -0.00532364 0.0598582 0 0 0 -0.00803738 -0.00803738 0.00701826 0.00701826 40 -10 10 0 -0.523599 1.5432 0.295389 0.0625234 0.00275703 0.0294145 
61.46 98.0349 -43.5673 -9.73059 9.73059 -0.0824281 0.0210124 -0.521678 -1.92172e-05 -0.00441975 -0.00128237 3.39602 -0.00528672 0.0650554 0 0 0 -0.0100597 -0.0100597 0.00901738 0.00901738 40 -10 10 0 -0.523599 1.5432 0.271086 0.0541298 0.00196936 0.0221074 
62.46 100.983 -45.2633 -9.72886 9.72886 -0.0822601 0.0181528 -0.522555 -1.92173e-05 -0.0014099 -0.00105942 3.40479 -0.00548813 0.069307 0 0 0 -0.0116576 -0.0116576 0.0104059 0.0104059 40 -10 10 0 -0.523599 1.5432 0.269768 0.0480633 0.00115924 0.0185142 
63.46 103.937 -46.9659 -9.71826 9.71826 -0.0824751 0.0175646 -0.523508 -2.03297e-05 0.000355533 -0.000782673 3.411 -0.00582839 0.0715988 0 0 0 -0.0126879 -0.0126879 0.0111521 0.0111521 40 -10 10 0 -0.523599 1.5432 0.279334 0.04514 0.000366911 0.0177286 
64.46 106.894 -48.674 -9.7064 9.7064 -0.0824332 0.0184789 -0.524027 -2.19617e-05 0.000941022 -0.000444923 3.41648 -0.00630137 0.0730947 0 0 0 -0.0132082 -0.0132082 0.0113223 0.0113223 40 -10 10 0 -0.523599 1.5432 0.291379 0.0451931 -0.000484352 0.0181048 
65.46 109.854 -50.3862 -9.6972 9.6972 -0.0826007 0.0194667 -0.524449 -2.37122e-05 0.000855092 -0.000246258 3.42025 -0.00666836 0.0732244 0 0 0 -0.0133034 -0.0133034 0.0111985 0.0111985 40 -10 10 0 -0.523599 1.5432 0.301247 0.0476364 -0.000836772 0.0192087 
66.46 112.816 -52.101 -9.69152 9.69152 -0.0824647 0.0202879 -0.524667 -2.48503e-05 0.000861476 5.25736e-06 3.42238 -0.00699686 0.0732292 0 0 0 -0.0134179 -0.0134179 0.0110501 0.0110501 40 -10 10 0 -0.523599 1.5432 0.307619 0.0516727 -0.00103684 0.0200568 
67.46 115.779 -53.8172 -9.68904 9.68904 -0.0823588 0.0209901 -0.524624 -2.61501e-05 0.000573928 0.000116073 3.42398 -0.00725066 0.0728238 0 0 0 -0.0133364 -0.0133364 0.0108377 0.0108377 40 -10 10 0 -0.523599 1.5432 0.31065 0.0564238 -0.00121573 0.0209333 
68.46 118.743 -55.534 -9.68876 9.68876 -0.0825836 0.021165 -0.524677 -2.60041e-05 0.000226313 0.000212631 3.42495 -0.00737527 0.0723502 0 0 0 -0.0132135 -0.0132135 0.0106165 0.0106165 40 -10 10 0 -0.523599 1.5432 0.311297 0.0612042 -0.000869722 0.0213371 
69.46 121.708 -57.2507 -9.68961 9.68961 -0.0826495 0.0214021 -0.524415 -2.67095e-05 2.41231e-05 0.000216027 3.42548 -0.00742573 0.0719323 0 0 0 -0.0131055 -0.0131055 0.0104921 0.0104921 40 -10 10 0 -0.523599 1.5432 0.310589 0.0655671 -0.000540787 0.0214877 
70.46 124.674 -58.967 -9.69058 9.69058 -0.0826653 0.0213077 -0.524092 -2.68228e-05 -1.71473e-05 0.000256215 3.42592 -0.00747899 0.0719655 0 0 0 -0.0131025 -0.0131025 0.0104485 0.0104485 40 -10 10 0 -0.523599 1.5432 0.309613 0.0692695 -0.000504365 0.0214004 
71.46 127.64 -60.6828 -9.69156 9.69156 -0.0825607 0.0214464 -0.523768 -2.67594e-05 -0.000248996 0.000224445 3.42625 -0.00746663 0.0717109 0 0 0 -0.012988 -0.012988 0.0103589 0.0103589 40 -10 10 0 -0.523599 1.5432 0.308614 0.0721784 -0.000279487 0.0211903 
72.46 130.607 -62.3981 -9.69207 9.69207 -0.0826597 0.0210118 -0.523836 -2.6745e-05 -0.000219014 0.000198424 3.42648 -0.00742121 0.0718289 0 0 0 -0.0129866 -0.0129866 0.0103865 0.0103865 40 -10 10 0 -0.523599 1.5432 0.308013 0.0742879 -5.65652e-05 0.0213518 
73.46 133.574 -64.1129 -9.69225 9.69225 -0.0827079 0.02096 -0.523465 -2.65624e-05 -0.000240418 0.000158671 3.42671 -0.0073752 0.0717871 0 0 0 -0.0129585 -0.0129585 0.0103969 0.0103969 40 -10 10 0 -0.523599 1.5432 0.307756 0.0757318 0.000120006 0.0210869 
74.46 136.542 -65.8274 -9.69215 9.69215 -0.0824493 0.0210242 -0.523347 -2.65455e-05 -8.24962e-05 0.000106526 3.4269 -0.00733726 0.0718497 0 0 0 -0.0129982 -0.0129982 0.0104802 0.0104802 40 -10 10 0 -0.523599 1.5432 0.307824 0.0766187 0.000254234 0.021115 
75.46 139.511 -67.5416 -9.69198 9.69198 -0.0825652 0.0209781 -0.523273 -2.62441e-05 -0.000182691 0.000119494 3.42702 -0.00732163 0.0719053 0 0 0 -0.0129716 -0.0129716 0.0104472 0.0104472 40 -10 10 0 -0.523599 1.5432 0.308013 0.0770247 0.00053459 0.0211383 
76.46 142.479 -69.2554 -9.69179 9.69179 -0.0828499 0.0209743 -0.523073 -2.59258e-05 0.000305027 9.59817e-05 3.42713 -0.00725667 0.0719453 0 0 0 -0.0131241 -0.0131241 0.0106363 0.0106363 40 -10 10 0 -0.523599 1.5432 0.308127 0.077042 0.000526654 0.0209567 
77.46 145.448 -70.9692 -9.69157 9.69157 -0.0826743 0.0209872 -0.522996 -2.57185e-05 6.6022e-05 7.23877e-05 3.42721 -0.00721934 0.071964 0 0 0 -0.0130324 -0.0130324 0.0105692 0.0105692 40 -10 10 0 -0.523599 1.5432 0.308394 0.0768254 0.000566011 0.0211162 
78.46 148.417 -72.6829 -9.69154 9.69154 -0.0828231 0.021029 -0.523131 -2.56548e-05 1.98514e-05 1.45806e-05 3.42725 -0.00718345 0.071965 0 0 0 -0.0129955 -0.0129955 0.0105775 0.0105775 40 -10 10 0 -0.523599 1.5432 0.308477 0.0765138 0.000462167 0.0211266 
79.46 151.386 -74.3966 -9.69156 9.69156 -0.082932 0.0210674 -0.523221 -2.60075e-05 0.000276561 -1.4062e-05 3.42728 -0.00718309 0.0720166 0 0 0 -0.0130767 -0.0130767 0.0106812 0.0106812 40 -10 10 0 -0.523599 1.5432 0.30844 0.0761358 0.000262301 0.0212666 
80.46 154.355 -76.1103 -9.69165 9.69165 -0.0828612 0.0210054 -0.52317 -2.56273e-05 -0.000145204 -1.68537e-05 3.4273 -0.00716278 0.0718472 0 0 0 -0.0129137 -0.0129137 0.0105225 0.0105225 40 -10 10 0 -0.523599 1.5432 0.308353 0.0757453 0.000502208 0.0209917 
81.46 157.324 -77.824 -9.69164 9.69164 -0.0826907 0.0211909 -0.523227 -2.5613e-05 -0.000150546 -8.86547e-05 3.42731 -0.00711507 0.071868 0 0 0 -0.0128818 -0.0128818 0.0105522 0.0105522 40 -10 10 0 -0.523599 1.5432 0.308373 0.075342 0.000545077 0.0211125 