
Record time: 2021-Mar-24 12:56:20
model_type: x type
mission: Fixed Yaw
Record time: 2021-Mar-24 13:01:56
model_type: x type
mission: Fixed Yaw
0 4.68985e-310 6.95293e-310 6.89886e-310 -6.89886e-310 6.89886e-310 4.68986e-310 0 6.89886e-310 6.89885e-310 6.89886e-310 0 9.88131e-324 4.94066e-324 0 0 0 1.68571e+69 1.39065e-309 0 0 6.89886e-310 1.39065e-309 6.89885e-310 4.68986e-310 0 1.0151e+242 nan 0 0 0.5 
7.78 -0.0708131 -0.0489581 -0.39046 0.39046 0.0190953 0.154482 0.111718 3.23772e-05 -0.0301992 0.172923 0.566612 -0.140535 0.113697 0 0 0 -0.523555 -0.523555 -0.500271 -0.500271 40 10 10 0 0 1.5432 9.60645 10.0353 0.0845628 0.159908 
8.78 0.69081 -0.102399 -0.364795 0.364795 0.0455799 0.142064 0.294997 0.000163531 0.0106385 0.19654 0.826478 -0.237465 0.153902 0 0 0 -0.52356 -0.52356 -0.344299 -0.344299 40 10 10 0 0 1.5432 9.63143 10.1019 0.263693 0.141682 
9.78 1.68054 0.0244321 -0.35274 0.35274 0.0742883 0.159319 0.492468 -0.000523718 0.0349105 0.117639 1.09863 -0.236243 0.178911 0 0 0 -0.321902 -0.321902 -0.104732 -0.104732 40 10 10 0 0 1.5432 9.64848 10.0167 0.468768 0.154374 
10.78 2.92136 0.54234 -0.426007 0.426007 0.0874596 0.172881 0.572989 -5.60518e-06 0.011691 0.0317167 1.48384 -0.138899 0.157316 0 0 0 -0.133833 -0.133833 -0.00935505 -0.00935505 40 10 10 0 0 1.5432 9.59143 9.56114 0.567911 0.170774 
11.78 4.40917 1.41095 -0.597734 0.597734 0.0906514 0.177037 0.591823 -8.21696e-06 0.00254848 -0.000840352 1.87739 -0.0522219 0.12861 0 0 0 -0.0530975 -0.0530975 0.024541 0.024541 40 10 10 0 0 1.5432 9.4336 8.73759 0.591889 0.17664 
12.78 6.12789 2.52143 -0.849461 0.849461 0.0875864 0.178691 0.575717 6.92876e-05 -0.002681 -0.0276422 2.19623 0.0129747 0.107408 0 0 0 -0.0100457 -0.0100457 0.0424397 0.0424397 40 10 10 0 0 1.5432 9.19266 7.65623 0.579828 0.178688 
13.78 8.07093 3.76785 -1.16126 1.16126 0.0805177 0.178486 0.53546 0.00019346 -0.00460966 -0.0491511 2.41475 0.0553229 0.0958935 0 0 0 0.0143302 0.0143302 0.0544079 0.0544079 40 10 10 0 0 1.5432 8.88863 6.42378 0.543104 0.178571 
14.78 10.2363 5.05017 -1.51741 1.51741 0.0703475 0.17744 0.476005 0.000296834 -0.0061604 -0.0657788 2.61674 0.0878945 0.0856947 0 0 0 0.0282336 0.0282336 0.0604071 0.0604071 40 10 10 0 0 1.5432 8.53835 5.14069 0.486681 0.177473 
15.78 12.6189 6.27726 -1.90528 1.90528 0.0581457 0.175089 0.404323 0.000368719 -0.00737707 -0.0740057 2.77206 0.10469 0.0792509 0 0 0 0.0342809 0.0342809 0.0616123 0.0616123 40 10 10 0 0 1.5432 8.15443 3.9002 0.416194 0.175691 
16.78 15.2013 7.37832 -2.31298 2.31298 0.0451573 0.171493 0.327221 0.000399475 -0.00770106 -0.0756885 2.87615 0.109545 0.0756468 0 0 0 0.0351683 0.0351683 0.0595224 0.0595224 40 10 10 0 0 1.5432 7.74904 2.77673 0.339694 0.172179 
17.78 17.9564 8.30814 -2.73042 2.73042 0.0328646 0.166652 0.25239 0.00041964 -0.00768572 -0.0708811 2.97233 0.105236 0.0726765 0 0 0 0.0319928 0.0320152 0.0547493 0.0547598 40 10 10 0 0 1.5432 7.33244 1.81942 0.263636 0.167558 
18.78 20.851 9.04879 -3.14871 3.14871 0.0225024 0.160812 0.184607 0.000362612 -0.00748868 -0.0612484 3.04772 0.0938087 0.0709261 0 0 0 0.0262901 0.0262903 0.0479035 0.0479036 40 10 10 0 0 1.5432 6.91381 1.05027 0.19356 0.161656 
19.78 23.8523 9.60587 -3.56138 3.56138 0.0137786 0.154596 0.127837 0.000309069 -0.00701174 -0.0508314 3.09967 0.0813959 0.0700666 0 0 0 0.0199622 0.0199622 0.0411367 0.0411367 40 10 10 0 0 1.5432 6.49997 0.466615 0.134997 0.155486 
20.78 26.9322 9.99871 -3.96409 3.96409 0.00717039 0.148462 0.08174 0.000255964 -0.00647251 -0.0400256 3.14846 0.0656474 0.0695192 0 0 0 0.0135579 0.0135579 0.0345142 0.0345142 40 10 10 0 0 1.5432 6.09557 0.0507745 0.0873456 0.149302 
21.78 30.0692 10.2543 -4.35442 4.35442 0.00220324 0.142201 0.0459884 0.000202015 -0.00596378 -0.0303023 3.18712 0.0505722 0.0692766 0 0 0 0.00777515 0.00777515 0.0286693 0.0286693 40 10 10 0 0 1.5432 5.70329 -0.223628 0.050541 0.143378 
22.78 33.2475 10.4011 -4.73128 4.73128 -0.00121487 0.136736 0.0198213 0.000151091 -0.00542236 -0.021814 3.21378 0.0389441 0.0692228 0 0 0 0.00273305 0.00273305 0.0237101 0.0237101 40 10 10 0 0 1.5432 5.32437 -0.384918 0.0231766 0.137513 
23.78 36.4564 10.4658 -5.09441 5.09441 -0.0036835 0.131628 0.00134144 0.000108426 -0.00502025 -0.0147066 3.23891 0.0271329 0.0691795 0 0 0 -0.00147034 -0.00147034 0.0195481 0.0195481 40 10 10 0 0 1.5432 4.95919 -0.460363 0.00354158 0.132175 
24.78 39.6886 10.4723 -5.44399 5.44399 -0.0050879 0.126399 -0.0102999 7.10834e-05 -0.00464182 -0.00916549 3.25896 0.017427 0.0692348 0 0 0 -0.00480314 -0.00480314 0.0163092 0.0163092 40 10 10 0 0 1.5432 4.6076 -0.474182 -0.0089664 0.127212 
25.78 42.9392 10.4401 -5.78042 5.78042 -0.00587262 0.122077 -0.0174525 4.20166e-05 -0.00433494 -0.00489874 3.27299 0.010888 0.0692629 0 0 0 -0.00737914 -0.00737914 0.0138093 0.0138093 40 10 10 0 0 1.5432 4.26923 -0.446758 -0.0165972 0.122641 
26.78 46.2047 10.3851 -6.10421 6.10421 -0.00622108 0.117672 -0.0207681 2.02829e-05 -0.00413283 -0.00177856 3.28649 0.00500462 0.0693029 0 0 0 -0.00927004 -0.00927004 0.0119519 0.0119519 40 10 10 0 0 1.5432 3.94357 -0.394276 -0.0205368 0.118571 
27.78 49.4828 10.3189 -6.41579 6.41579 -0.00622719 0.113772 -0.0213824 4.5418e-06 -0.0038564 0.000227036 3.29761 0.00092663 0.0693971 0 0 0 -0.010575 -0.010575 0.0107622 0.0107622 40 10 10 0 0 1.5432 3.63019 -0.329149 -0.0213582 0.114158 
28.78 52.7715 10.2499 -6.71561 6.71561 -0.00622982 0.109916 -0.0203208 -5.52643e-06 -0.00373035 0.00157801 3.30566 -0.00136681 0.0694605 0 0 0 -0.0114177 -0.0114177 0.0099435 0.0099435 40 10 10 0 0 1.5432 3.32863 -0.260208 -0.020747 0.110615 
29.78 56.0696 10.1837 -7.00407 7.00407 -0.00613108 0.106467 -0.0181832 -1.32647e-05 -0.00365059 0.00248778 3.31374 -0.00329461 0.0694496 0 0 0 -0.0119732 -0.0119732 0.00937929 0.00937929 40 10 10 0 0 1.5432 3.03849 -0.193292 -0.0186052 0.107107 
30.78 59.3758 10.1241 -7.28136 7.28136 -0.00577524 0.102711 -0.0154264 -1.73979e-05 -0.00350269 0.00297107 3.32072 -0.00439298 0.0694537 0 0 0 -0.0123143 -0.0123143 0.00909301 0.00909301 40 10 10 0 0 1.5432 2.75952 -0.132532 -0.0159441 0.103195 
31.78 62.6893 10.0735 -7.54766 7.54766 -0.00541499 0.0993024 -0.0125707 -1.95178e-05 -0.00339647 0.00306582 3.32603 -0.00480027 0.0694879 0 0 0 -0.0124254 -0.0124254 0.00901633 0.00901633 40 10 10 0 0 1.5432 2.49159 -0.0804655 -0.0128302 0.099681 
32.78 66.0094 10.0328 -7.80316 7.80316 -0.00511256 0.0960262 -0.00946997 -1.86923e-05 -0.00341242 0.00287264 3.33162 -0.00473223 0.0694723 0 0 0 -0.012325 -0.012325 0.00905982 0.00905982 40 10 10 0 0 1.5432 2.23448 -0.0382596 -0.00981289 0.0965378 
33.78 69.3354 10.0019 -8.04794 8.04794 -0.00499339 0.0926259 -0.00656751 -1.77353e-05 -0.00336224 0.00256593 3.33671 -0.00439456 0.0694337 0 0 0 -0.0121718 -0.0121718 0.00920696 0.00920696 40 10 10 0 0 1.5432 1.98809 -0.00593755 -0.00702437 0.0929422 
34.78 72.6669 9.98008 -8.28198 8.28198 -0.00465407 0.0888649 -0.00425387 -1.56888e-05 -0.00338524 0.00217075 3.34077 -0.00390625 0.0693742 0 0 0 -0.0119312 -0.0119312 0.0093861 0.0093861 40 10 10 0 0 1.5432 1.75244 0.0171745 -0.00462114 0.0896437 
35.78 76.0036 9.96606 -8.50521 8.50521 -0.00448181 0.0857166 -0.00229348 -1.3333e-05 -0.00344668 0.00172237 3.34526 -0.0032489 0.0692772 0 0 0 -0.0116431 -0.0116431 0.00957834 0.00957834 40 10 10 0 0 1.5432 1.52758 0.0322802 -0.0025611 0.0863461 
36.78 79.3452 9.95846 -8.71744 8.71744 -0.00456353 0.082493 -0.000689693 -1.05462e-05 -0.0035473 0.00126678 3.34955 -0.00255199 0.0691238 0 0 0 -0.0113333 -0.0113333 0.00975744 0.00975744 40 10 10 0 0 1.5432 1.31368 0.0407547 -0.000949991 0.0828968 
37.78 82.6915 9.95583 -8.91836 8.91836 -0.0045074 0.0786731 0.00032021 -7.78235e-06 -0.00365444 0.000932494 3.35313 -0.00200685 0.0689684 0 0 0 -0.0110664 -0.0110664 0.00988092 0.00988092 40 10 10 0 0 1.5432 1.11104 0.0440352 -2.27319e-05 0.0791915 
38.78 86.0425 9.95689 -9.10754 9.10754 -0.00422234 0.07501 0.00106164 -1.25624e-05 -0.00391337 0.000534892 3.35726 -0.00146502 0.068645 0 0 0 -0.0107149 -0.0107184 0.00995279 0.00995059 40 10 10 0 0 1.5432 0.920058 0.0434588 0.00117899 0.0755433 
39.78 89.3981 9.96043 -9.2842 9.2842 -0.00442092 0.0709095 0.00147725 -3.97633e-06 -0.00426673 0.000296314 3.36143 -0.000969265 0.068217 0 0 0 -0.0103887 -0.0103888 0.00991195 0.00991193 40 10 10 0 0 1.5432 0.741467 0.0402163 0.00141193 0.0713008 
40.78 92.7583 9.96546 -9.44734 9.44734 -0.00430644 0.0642625 0.00190215 -3.05538e-06 -0.0118045 0.000110974 3.36517 -0.000660251 0.0635511 0 0 0 -0.00709512 -0.00709512 0.00686024 0.00686023 40 10 10 0 0 1.5432 0.576109 0.0353535 0.00179308 0.0658209 
41.78 96.1244 9.97137 -9.5827 9.5827 -0.00419538 0.0505037 0.00194851 -2.28287e-06 -0.0145751 1.47477e-05 3.37077 -0.000318384 0.0567155 0 0 0 -0.0052263 -0.0052263 0.00521575 0.00521575 40 10 10 0 0 1.5432 0.434886 0.0295618 0.00185791 0.052326 
42.78 99.4986 9.97779 -9.67286 9.67286 -0.0043053 0.0365023 0.00187511 -8.26345e-07 -0.0124988 -0.000198354 3.37876 -4.66824e-05 0.0570357 0 0 0 -0.00581141 -0.00581141 0.0059624 0.0059624 40 10 10 0 0 1.5432 0.337708 0.0231777 0.00196347 0.0385851 
43.78 102.882 9.98406 -9.71927 9.71927 -0.00415931 0.0264261 0.00171366 -1.03235e-07 -0.00804288 -0.000269519 3.38698 8.13258e-05 0.0607996 0 0 0 -0.00775293 -0.00775293 0.00798746 0.00798746 40 10 10 0 0 1.5432 0.285295 0.0168501 0.00174016 0.027413 
44.78 106.276 9.9897 -9.73358 9.73358 -0.00438926 0.0204035 0.00135896 3.33577e-07 -0.00403656 -0.000362894 3.39678 0.000155609 0.0658419 0 0 0 -0.00963393 -0.00963393 0.0099126 0.0099126 40 10 10 0 0 1.5432 0.267061 0.0110925 0.00159552 0.0208667 
45.78 109.678 9.99436 -9.72928 9.72928 -0.00428903 0.017679 0.00104397 7.238e-07 -0.00103054 -0.00035258 3.40555 0.000154022 0.0699376 0 0 0 -0.0111158 -0.0111158 0.0113737 0.0113737 40 10 10 0 0 1.5432 0.269347 0.00626571 0.00116576 0.0178006 
46.78 113.088 9.9979 -9.7175 9.7175 -0.00428848 0.0175288 0.000790884 5.0002e-07 0.000496004 -0.000320128 3.41166 0.000105982 0.072113 0 0 0 -0.0119277 -0.0119277 0.0121399 0.0121399 40 10 10 0 0 1.5432 0.280591 0.00256016 0.000859879 0.0174195 
47.78 116.504 10.0003 -9.70553 9.70553 -0.00421759 0.0183535 0.000510311 5.63875e-07 0.00108426 -0.000266024 3.41698 4.83889e-05 0.0733344 0 0 0 -0.012284 -0.012284 0.012439 0.012439 40 10 10 0 0 1.5432 0.292841 -1.69999e-05 0.00048555 0.0181218 
48.78 119.924 10.0017 -9.6966 9.6966 -0.00426987 0.0194291 0.000286953 5.53028e-07 0.00106682 -0.000238735 3.42058 -1.92223e-05 0.0734934 0 0 0 -0.0122978 -0.0122978 0.0124178 0.0124178 40 10 10 0 0 1.5432 0.302275 -0.0015506 0.000220546 0.0192695 
49.78 123.346 10.0023 -9.69123 9.69123 -0.00427066 0.0203168 5.88121e-05 -5.20634e-07 0.000804494 -0.000166271 3.42262 -0.000136804 0.073223 0 0 0 -0.0122219 -0.0122219 0.0122659 0.0122659 40 10 10 0 0 1.5432 0.308196 -0.00224081 0.000148275 0.0200899 
50.78 126.771 10.0022 -9.68896 9.68896 -0.00429764 0.0207725 -4.08048e-05 -3.44977e-07 0.000420058 -0.000122076 3.42414 -0.000166128 0.0728258 0 0 0 -0.0120503 -0.0120503 0.0120588 0.0120588 40 10 10 0 0 1.5432 0.31085 -0.00228075 -0.000107274 0.0208992 
51.78 130.196 10.0017 -9.68849 9.68849 -0.00413244 0.0212915 -0.000358952 -4.19046e-07 0.000172693 -9.15546e-05 3.42507 -0.000221336 0.0725327 0 0 0 -0.0119384 -0.0119384 0.011911 0.011911 40 10 10 0 0 1.5432 0.311517 -0.00181634 -0.000197686 0.0212917 
52.78 133.622 10.0008 -9.68897 9.68897 -0.0042596 0.0211401 -0.000305783 -1.07985e-06 5.30911e-05 -3.32032e-05 3.42559 -0.000300297 0.0723227 0 0 0 -0.0118994 -0.0118994 0.0118162 0.0118162 40 10 10 0 0 1.5432 0.311138 -0.000992213 -0.000239532 0.0213455 
53.78 137.049 9.9998 -9.68987 9.68987 -0.0043203 0.0212402 -0.00037258 -8.16413e-07 -0.000100596 -1.73824e-05 3.42601 -0.000316683 0.0720232 0 0 0 -0.0118357 -0.0118357 0.0117336 0.0117336 40 10 10 0 0 1.5432 0.310281 3.2285e-05 -0.000300138 0.0212715 
54.78 140.476 9.99867 -9.6907 9.6907 -0.00437795 0.0211691 -0.000569384 -1.7468e-06 -0.000198802 2.14897e-05 3.42631 -0.000402894 0.072047 0 0 0 -0.0118055 -0.0118055 0.0116617 0.0116617 40 10 10 0 0 1.5432 0.309411 0.00116244 -0.000187183 0.0214495 
55.78 143.903 9.99761 -9.69119 9.69119 -0.00442646 0.021174 -0.000212593 -1.32786e-06 -0.000200874 5.16569e-05 3.42653 -0.000417608 0.0720127 0 0 0 -0.0118188 -0.0118188 0.0116448 0.0116448 40 10 10 0 0 1.5432 0.308878 0.00223748 -0.000282881 0.0211982 
56.78 147.33 9.99668 -9.69138 9.69138 -0.00421731 0.0210719 -0.000321847 -1.77834e-06 -0.000148272 5.49893e-05 3.42674 -0.000452325 0.0720023 0 0 0 -0.0118437 -0.0118437 0.0116628 0.0116628 40 10 10 0 0 1.5432 0.308649 0.0031915 -0.000215173 0.0211925 
57.3 149.044 9.99627 -9.69138 9.69138 -0.00438809 0.0208914 -0.000151772 -1.75955e-06 -5.60595e-05 3.7452e-05 3.42684 -0.000446004 0.0720962 0 0 0 -0.0118676 -0.0118676 0.0117002 0.0117002 40 10 10 0 0 1.5432 0.308611 0.00352957 -0.000168652 0.0211387 