
Record time: 2021-Mar-25 13:00:25
model_type: x type
mission: Fixed Yaw
0 0 9.88131e-324 4.94066e-324 -4.94066e-324 6.91864e-310 6.91864e-310 6.91864e-310 1.39065e-309 6.91864e-310 4.66096e-310 4.66096e-310 0 6.91864e-310 0.5 0 0 0 0 nan 0 0 0 nan 0 0.5 1.39065e-309 0 0 0 2.5959e+267 
22.49 0.924092 -5.65641e-11 -0.235709 0.235709 1.08919e-05 0.0423809 0.00011208 -3.71106e-12 -0.050534 -2.34243e-12 0.451924 -3.46723e-12 0.133369 0.5 0 0 0 0 0 0 0 0 nan 0 0.5 1.39065e-309 0 0 0 2.5959e+267 
23.49 1.38095 -6.65779e-11 -0.235724 0.235724 -0.000148902 0.0350676 7.72616e-06 5.56299e-12 0.00548709 8.61726e-13 0.456237 -2.49312e-13 -0.0284925 0.5 0 0 0 0 0 0 0 0 nan 0 0.5 1.39065e-309 0 0 0 2.5959e+267 
24.49 1.83038 -7.57377e-11 -0.222689 0.222689 2.36956e-05 0.0249301 3.51914e-05 -1.39712e-12 -0.000340555 -2.91099e-13 0.44578 3.17804e-13 0.00317357 0.5 0 0 0 0 0 0 0 0 nan 0 0.5 1.39065e-309 0 0 0 2.5959e+267 
25.49 2.271 -8.43656e-11 -0.22669 0.22669 0.000111879 0.0225312 -0.000212138 -9.04472e-13 -0.00817601 -1.59059e-13 0.435847 -9.75573e-14 0.0210316 0.5 0 0 0 0 0 0 0 0 nan 0 0.5 1.39065e-309 0 0 0 2.5959e+267 
26.5 2.78735 0.00355396 -0.226258 0.226258 -0.000641334 0.0288325 -0.0227646 -0.000477277 0.0438178 -0.152984 0.714106 0.108615 0.0377762 0.5 0 0 0.249666 0.249666 0.460092 0.460092 40 -10 10 0 0.785398 1.5432 9.77265 -33.4305 -0.791131 0.0242578 
27.5 3.66031 0.117247 -0.224365 0.224365 -0.0113591 0.0918028 -0.202619 -7.53481e-05 0.0661451 -0.14681 0.985062 0.247526 0.0706711 0.5 0 0 0.171919 0.171919 0.39474 0.39474 40 -10 10 0 0.785398 1.5432 9.77739 -32.9184 -0.969559 0.083794 
28.5 4.88161 -0.00706295 -0.250397 0.250397 -0.0227853 0.132041 -0.304558 0.000196855 0.0255784 -0.0668428 1.40758 0.14375 0.153669 0.5 0 0 0.0251271 0.0251271 0.181733 0.181733 40 -10 10 0 0.785398 1.5432 9.75283 -32.0153 -1.08132 0.129112 
29.5 6.44633 -0.433217 -0.336345 0.336345 -0.0293622 0.149007 -0.352058 0.00015389 0.0106014 -0.0288808 1.81911 0.0646419 0.132301 0.5 0 0 -0.0114985 -0.0114985 0.0817415 0.0817415 40 -10 10 0 0.785398 1.5432 9.67691 -30.6498 -1.13343 0.147602 
30.5 8.30541 -1.0886 -0.517698 0.517698 -0.0319251 0.156004 -0.370314 5.62838e-05 0.0056019 -0.00876618 2.11415 0.0257536 0.113692 0.5 0 0 -0.0216683 -0.0216683 0.0418189 0.0418189 40 -10 10 0 0.785398 1.5432 9.50402 -28.9047 -1.15459 0.155341 
31.5 10.4143 -1.89895 -0.771912 0.771912 -0.0323637 0.158978 -0.372646 -5.0461e-06 0.00081066 0.00343119 2.39529 -0.00265197 0.0976075 0.5 0 0 -0.0255439 -0.0255439 0.0201771 0.0201771 40 -10 10 0 0.785398 1.5432 9.2562 -26.8658 -1.15841 0.159026 
32.5 12.734 -2.80724 -1.07759 1.07759 -0.0308551 0.159123 -0.363453 -7.18364e-05 -0.00122467 0.015112 2.61547 -0.0223229 0.0885832 0.5 0 0 -0.029035 -0.029035 0.0078098 0.0078098 40 -10 10 0 0.785398 1.5432 8.95475 -24.6023 -1.15006 0.159313 
33.5 15.2327 -3.76087 -1.41842 1.41842 -0.0276671 0.157849 -0.34281 -0.000125604 -0.00227863 0.0260179 2.76381 -0.0366937 0.0825951 0.5 0 0 -0.0328719 -0.0328719 -0.00171159 -0.00171159 40 -10 10 0 0.785398 1.5432 8.6169 -22.1746 -1.13075 0.158303 
34.5 17.8851 -4.71028 -1.78248 1.78248 -0.0229653 0.155999 -0.310414 -0.000187806 -0.00337603 0.0379552 2.89782 -0.0533319 0.0781048 0.5 0 0 -0.0373765 -0.0373765 -0.0097636 -0.0097636 40 -10 10 0 0.785398 1.5432 8.25467 -19.636 -1.09961 0.15615 
35.5 20.6719 -5.60489 -2.16027 2.16027 -0.0160122 0.153177 -0.265261 -0.000249632 -0.00364143 0.0512685 2.99835 -0.0710593 0.0750149 0.5 0 0 -0.0429544 -0.0429544 -0.017754 -0.017754 40 -10 10 0 0.785398 1.5432 7.87793 -17.0363 -1.05581 0.153658 
36.5 23.5774 -6.39163 -2.54526 2.54526 -0.00725866 0.150281 -0.205496 -0.000319814 -0.00385254 0.0669583 3.06305 -0.0881898 0.0732082 0.5 0 0 -0.0501466 -0.0501466 -0.0263292 -0.0263292 40 -10 10 0 0.785398 1.5432 7.49338 -14.424 -0.997783 0.150661 
37.5 26.5866 -7.01166 -2.93151 2.93151 0.00339246 0.146652 -0.129176 -0.00039416 -0.00380045 0.0849854 3.11873 -0.110367 0.0717646 0.5 0 0 -0.058527 -0.058527 -0.0357215 -0.0357215 40 -10 10 0 0.785398 1.5432 7.10703 -11.8508 -0.922897 0.147004 
38.5 29.6803 -7.39942 -3.31397 3.31397 0.0161804 0.141948 -0.0386593 -0.000440828 -0.00359684 0.0920525 3.1585 -0.122228 0.0710801 0.5 0 0 -0.0616803 -0.0616803 -0.03929 -0.03929 40 -10 10 0 0.785398 1.5432 6.72395 -9.37578 -0.833489 0.142445 
39.5 32.831 -7.50572 -3.68733 3.68733 0.028979 0.136383 0.0560111 -0.000455721 -0.00316846 0.0956277 3.18469 -0.125339 0.0710007 0.5 0 0 -0.0629072 -0.0629072 -0.0404828 -0.0404828 40 -10 10 0 0.785398 1.5432 6.34945 -7.05499 -0.738995 0.136903 
40.5 36.0049 -7.30983 -4.04714 4.04714 0.0414364 0.130097 0.153322 -0.000463707 -0.00253594 0.0974801 3.20876 -0.127267 0.0712079 0.5 0 0 -0.0635147 -0.0635147 -0.0407961 -0.0407961 40 -10 10 0 0.785398 1.5432 5.98814 -4.92795 -0.641798 0.130843 
41.5 39.1666 -6.80141 -4.39002 4.39002 0.0532808 0.123453 0.251452 -0.000464853 -0.00178244 0.0974256 3.22819 -0.12661 0.0717955 0.5 0 0 -0.063305 -0.063305 -0.0400447 -0.0400447 40 -10 10 0 0.785398 1.5432 5.64342 -3.02759 -0.543517 0.124258 
42.5 42.2816 -5.98004 -4.71347 4.71347 0.064564 0.116489 0.348663 -0.000456809 -0.000932311 0.0955806 3.24263 -0.124112 0.0724537 0.5 0 0 -0.0622921 -0.0622921 -0.0383846 -0.0383846 40 -10 10 0 0.785398 1.5432 5.31795 -1.37943 -0.446269 0.117118 
43.5 45.3185 -4.85472 -5.01623 5.01623 0.0747872 0.109292 0.443359 -0.000444533 -9.97034e-05 0.092681 3.2578 -0.119749 0.0732338 0.5 0 0 -0.060796 -0.060796 -0.0361869 -0.0361869 40 -10 10 0 0.785398 1.5432 5.0131 -0.000269279 -0.351271 0.109983 
44.5 48.2498 -3.44129 -5.29783 5.29783 0.0838897 0.10244 0.534803 -0.000429601 0.000758909 0.0893838 3.27175 -0.11473 0.0741063 0.5 0 0 -0.0591197 -0.0591197 -0.0338095 -0.0338095 40 -10 10 0 0.785398 1.5432 4.72939 1.1011 -0.259811 0.102943 
45.5 51.0528 -1.75936 -5.55862 5.55862 0.0921396 0.095797 0.622485 -0.000413222 0.00156079 0.0858173 3.28292 -0.110213 0.0748007 0.5 0 0 -0.0573374 -0.0573374 -0.0313528 -0.0313528 40 -10 10 0 0.785398 1.5432 4.46654 1.92183 -0.171391 0.0966079 
46.5 53.7087 0.169356 -5.79945 5.79945 0.0996797 0.0897908 0.706574 -0.000395051 0.00227537 0.0817121 3.2952 -0.104359 0.0755352 0.5 0 0 -0.0552772 -0.0552772 -0.0286968 -0.0286968 40 -10 10 0 0.785398 1.5432 4.22377 2.46368 -0.0872806 0.0905108 
47.5 56.2036 2.32169 -6.02159 6.02159 0.106052 0.0843285 0.786162 -0.000373608 0.00299403 0.0767961 3.30677 -0.0975071 0.0762561 0.5 0 0 -0.0528491 -0.0528491 -0.0256636 -0.0256636 40 -10 10 0 0.785398 1.5432 3.99983 2.73264 -0.00690946 0.0849285 
48.5 58.5282 4.67341 -6.22677 6.22677 0.11168 0.0795718 0.857253 -0.000318391 0.00344318 0.057047 3.31668 -0.0826952 0.0767005 0.5 0 0 -0.0434214 -0.0434214 -0.0158402 -0.0158402 40 -10 10 0 0.785398 1.5432 3.79304 2.73913 0.0659309 0.0800785 
49.5 60.6949 7.18789 -6.41907 6.41907 0.114548 0.078611 0.898441 -0.000248603 0.00321499 0.0266795 3.32966 -0.0377857 0.0768236 0.5 0 0 -0.0274317 -0.0274317 0.00022547 0.000152178 40 -10 10 0 0.785398 1.5432 3.59986 2.51194 0.110256 0.0785119 
50.5 62.7675 9.79508 -6.60816 6.60816 0.115678 0.0795019 0.91492 -3.2498e-05 0.00260308 0.00657482 3.34016 -0.00487136 0.0761636 0.5 0 0 -0.0160507 -0.0160507 0.0109789 0.0109784 40 -10 10 0 0.785398 1.5432 3.41085 2.14307 0.128802 0.0793593 
51.5 64.8037 12.4412 -6.80138 6.80138 0.115783 0.0815081 0.915157 5.07188e-05 0.00173197 -0.00599533 3.34653 0.0134235 0.0752103 0.5 0 0 -0.00867269 -0.00867269 0.0175543 0.0175543 40 -10 10 0 0.785398 1.5432 3.21825 1.71433 0.130347 0.081558 
52.5 66.8432 15.0915 -7.00194 7.00194 0.115241 0.0842915 0.904519 0.000107886 0.000764186 -0.014823 3.35126 0.028426 0.0741304 0.5 0 0 -0.00336974 -0.00336974 0.0219314 0.0219314 40 -10 10 0 0.785398 1.5432 3.01849 1.28076 0.120685 0.083999 
53.5 68.9134 17.7216 -7.21085 7.21085 0.113674 0.0865332 0.887271 0.000139617 -0.00013556 -0.0194226 3.3538 0.0363468 0.0729702 0.5 0 0 -0.00040762 -0.00040762 0.0240067 0.0240067 40 -10 10 0 0.785398 1.5432 2.81041 0.879958 0.103783 0.086391 
54.5 71.03 20.316 -7.42738 7.42738 0.111864 0.0881537 0.866783 0.00015037 -0.00095412 -0.0206529 3.35481 0.0386633 0.0720787 0.5 0 0 0.000721506 0.000721506 0.0243429 0.0243429 40 -10 10 0 0.785398 1.5432 2.59456 0.535707 0.0833901 0.0881426 
55.5 73.1991 22.8672 -7.64949 7.64949 0.110364 0.0891173 0.846656 0.000146651 -0.00166573 -0.0195919 3.35526 0.0376984 0.0711593 0.5 0 0 0.000576852 0.000590724 0.023464 0.023464 40 -10 10 0 0.785398 1.5432 2.3729 0.258597 0.0632146 0.0890703 
56.5 75.4193 25.3741 -7.87447 7.87447 0.108931 0.0890598 0.828165 0.0001338 -0.00226868 -0.0169981 3.35544 0.0342585 0.0703489 0.5 0 0 -0.00044322 -0.00044322 0.0218487 0.0218487 40 -10 10 0 0.785398 1.5432 2.14807 0.0493257 0.0444222 0.0893247 
57.5 77.6852 27.84 -8.09934 8.09934 0.107603 0.0883876 0.812508 0.000117242 -0.00267233 -0.0138501 3.35565 0.0304168 0.0698663 0.5 0 0 -0.00187117 -0.00187117 0.0199736 0.0199736 40 -10 10 0 0.785398 1.5432 1.92305 -0.0978352 0.0282717 0.0884419 
58.5 79.9893 30.2709 -8.32137 8.32137 0.10664 0.0868032 0.799941 9.83824e-05 -0.00302879 -0.0104908 3.35618 0.0254823 0.0693422 0.5 0 0 -0.0034549 -0.0034549 0.0180269 0.0180269 40 -10 10 0 0.785398 1.5432 1.70063 -0.192191 0.015675 0.086824 
59.5 82.3238 32.674 -8.5381 8.5381 0.105946 0.0846602 0.790557 8.08577e-05 -0.00331765 -0.00750234 3.35712 0.0208686 0.068964 0.5 0 0 -0.00489256 -0.00489256 0.0162708 0.0162708 40 -10 10 0 0.785398 1.5432 1.48327 -0.244365 0.00592285 0.0849309 
60.5 84.6813 35.0568 -8.74749 8.74749 0.105481 0.0818772 0.784184 6.56863e-05 -0.00352884 -0.00495008 3.35831 0.0174822 0.0687253 0.5 0 0 -0.00613907 -0.00613907 0.0147765 0.0147765 40 -10 10 0 0.785398 1.5432 1.27307 -0.264817 -0.00100196 0.0820781 
61.5 87.0557 37.4257 -8.94775 8.94775 0.10522 0.078666 0.779815 5.26389e-05 -0.00379527 -0.00282391 3.36016 0.0140475 0.0683418 0.5 0 0 -0.00714122 -0.00714122 0.0134791 0.0134791 40 -10 10 0 0.785398 1.5432 1.07182 -0.262742 -0.00519586 0.0791277 
62.5 89.4417 39.7866 -9.13724 9.13724 0.105033 0.07512 0.777427 4.23256e-05 -0.00408929 -0.00113688 3.36252 0.0113616 0.0679224 0.5 0 0 -0.00789416 -0.00789416 0.0124125 0.0124125 40 -10 10 0 0.785398 1.5432 0.881186 -0.246125 -0.00789845 0.0754345 
63.49 91.8353 42.1443 -9.3144 9.3144 0.104936 0.0707523 0.776441 3.47822e-05 -0.00453428 4.60454e-05 3.36495 0.00969297 0.0675123 0.5 0 0 -0.00830564 -0.00830564 0.0115907 0.0115907 40 -10 10 0 0.785398 1.5432 0.70271 -0.22123 -0.00916193 0.0712172 
64.49 94.2338 44.5022 -9.47739 9.47739 0.104997 0.0622478 0.77594 3.09156e-05 -0.0132512 0.00101804 3.36837 0.00819281 0.058457 0.5 0 0 -0.00480085 -0.00480085 0.00708182 0.00708182 40 -10 10 0 0.785398 1.5432 0.537952 -0.192743 -0.00927346 0.0632903 
65.49 96.637 46.8629 -9.60788 9.60788 0.104939 0.0473384 0.776111 2.62225e-05 -0.0152581 0.00197893 3.37289 0.00703167 0.0540538 0.5 0 0 -0.00388776 -0.00388776 0.00522225 0.00522225 40 -10 10 0 0.785398 1.5432 0.403031 -0.162774 -0.00944606 0.0488808 
66.49 99.0459 49.2293 -9.68903 9.68903 0.105163 0.0336473 0.776713 2.25146e-05 -0.0116674 0.00238929 3.381 0.00608054 0.0570027 0.5 0 0 -0.00573442 -0.00573442 0.00649343 0.00649343 40 -10 10 0 0.785398 1.5432 0.316906 -0.132608 -0.00857767 0.034954 
67.5 101.46 51.6045 -9.72573 9.72573 0.105061 0.0239797 0.778422 1.93114e-05 -0.00693836 0.00257684 3.39092 0.00559821 0.0627964 0.5 0 0 -0.00826194 -0.00826194 0.00875384 0.00875384 40 -10 10 0 0.785398 1.5432 0.276312 -0.104784 -0.00727438 0.024726 
68.49 103.877 53.9904 -9.73217 9.73217 0.105072 0.0189728 0.780003 1.93273e-05 -0.00273169 0.00238308 3.39941 0.00566368 0.0675165 0.5 0 0 -0.0101266 -0.0101266 0.0107199 0.0107199 40 -10 10 0 0.785398 1.5432 0.267551 -0.0819846 -0.00503536 0.0194142 
69.5 106.296 56.3874 -9.72327 9.72327 0.105232 0.0173418 0.782302 2.02032e-05 -0.000157716 0.00194859 3.408 0.00613479 0.0712081 0.5 0 0 -0.0111825 -0.0111812 0.01217 0.0121684 40 -10 10 0 0.785398 1.5432 0.275496 -0.0657923 -0.00356769 0.0173292 
70.5 108.715 58.7942 -9.71 9.71 0.105051 0.0179894 0.784069 2.27132e-05 0.00126787 0.00146309 3.41456 0.00679563 0.073325 0.5 0 0 -0.0116848 -0.0116848 0.0131338 0.0131338 40 -10 10 0 0.785398 1.5432 0.289349 -0.0562166 -0.00138299 0.0176319 
71.5 111.134 61.2091 -9.69884 9.69884 0.10531 0.0191436 0.785259 2.59755e-05 0.00138615 0.000960389 3.41855 0.00751093 0.0734998 0.5 0 0 -0.0114599 -0.0114599 0.0134511 0.0134511 40 -10 10 0 0.785398 1.5432 0.300691 -0.0532971 -0.000224836 0.0188049 
72.5 113.552 63.6295 -9.69181 9.69181 0.105564 0.0202083 0.786217 2.80781e-05 0.00109487 0.000573475 3.42163 0.00812159 0.0733462 0.5 0 0 -0.0110767 -0.0110767 0.0135189 0.0135189 40 -10 10 0 0.785398 1.5432 0.307935 -0.0548777 0.000741881 0.0201233 
73.5 115.969 66.0536 -9.68869 9.68869 0.105414 0.0207832 0.786489 3.11693e-05 0.000722989 0.000131801 3.4235 0.00875164 0.0727798 0.5 0 0 -0.0106812 -0.0106812 0.0135543 0.0135543 40 -10 10 0 0.785398 1.5432 0.311227 -0.0594264 0.00128764 0.0209585 
74.5 118.387 68.4796 -9.68821 9.68821 0.105271 0.0214578 0.786944 3.25355e-05 0.00025537 -3.81276e-05 3.42462 0.00911154 0.0721932 0.5 0 0 -0.0103446 -0.0103446 0.0134262 0.0134262 40 -10 10 0 0.785398 1.5432 0.311803 -0.0654936 0.00135608 0.0213321 
75.5 120.804 70.9065 -9.68896 9.68896 0.10564 0.0214756 0.787051 3.35746e-05 7.88669e-06 -0.000186605 3.42524 0.00931301 0.071914 0.5 0 0 -0.0101644 -0.0101644 0.013394 0.013394 40 -10 10 0 0.785398 1.5432 0.311091 -0.0718903 0.00133478 0.021502 
76.49 123.223 73.3335 -9.6901 9.6901 0.105512 0.0213262 0.786349 3.39098e-05 -5.25816e-05 -0.000278655 3.42574 0.00943674 0.0717761 0.5 0 0 -0.0100849 -0.0100849 0.0134017 0.0134017 40 -10 10 0 0.785398 1.5432 0.309956 -0.0779277 0.00125571 0.021528 
77.49 125.642 75.7603 -9.69115 9.69115 0.105413 0.0215179 0.786146 3.43863e-05 -0.000229273 -0.000260671 3.42607 0.00950296 0.0716944 0.5 0 0 -0.00999663 -0.00999663 0.0133294 0.0133294 40 -10 10 0 0.785398 1.5432 0.308903 -0.0832216 0.00107049 0.0213648 
78.49 128.062 78.1866 -9.69189 9.69189 0.105517 0.021146 0.785725 3.42217e-05 -0.000145098 -0.000281117 3.42637 0.0095021 0.0715384 0.5 0 0 -0.0100043 -0.0100043 0.0133446 0.0133446 40 -10 10 0 0.785398 1.5432 0.308132 -0.0875582 0.000553001 0.0210748 
79.49 130.484 80.6123 -9.6922 9.6922 0.105498 0.021169 0.785572 3.42688e-05 -0.000128887 -0.00030604 3.42663 0.00951197 0.0716882 0.5 0 0 -0.0100291 -0.0100291 0.0133851 0.0133851 40 -10 10 0 0.785398 1.5432 0.307817 -0.0908988 0.000427609 0.0211636 
80.49 132.906 83.0376 -9.69234 9.69234 0.105555 0.0211771 0.785355 3.43902e-05 -0.000123738 -0.000182467 3.4268 0.00947067 0.0716607 0.5 0 0 -0.0100363 -0.0100363 0.013316 0.013316 40 -10 10 0 0.785398 1.5432 0.30767 -0.0932528 -6.62843e-05 0.0213127 
81.49 135.328 85.4623 -9.69235 9.69235 0.10579 0.0210397 0.785242 3.40535e-05 -0.00013346 -0.000159459 3.42696 0.00940473 0.0717062 0.5 0 0 -0.010082 -0.010082 0.0133252 0.0133252 40 -10 10 0 0.785398 1.5432 0.307647 -0.0947283 -0.00027938 0.0211006 
82.49 137.752 87.8867 -9.69222 9.69222 0.105671 0.0209154 0.785095 3.33582e-05 -5.29426e-05 -0.000108525 3.42709 0.00928894 0.0716786 0.5 0 0 -0.0101257 -0.0101257 0.0132972 0.0132972 40 -10 10 0 0.785398 1.5432 0.307778 -0.095542 -0.000278568 0.0209741 
83.49 140.175 90.3108 -9.69202 9.69202 0.105834 0.021093 0.784887 3.34924e-05 5.91891e-05 -9.81868e-05 3.42717 0.00928318 0.0719398 0.5 0 0 -0.010223 -0.010223 0.0133919 0.0133919 40 -10 10 0 0.785398 1.5432 0.307968 -0.0958843 -0.000397833 0.0209799 
84.5 142.599 92.7347 -9.69189 9.69189 0.105711 0.0211143 0.784924 3.30356e-05 -3.2388e-05 -7.03755e-05 3.42724 0.00921125 0.0718703 0.5 0 0 -0.0101685 -0.0101685 0.0133025 0.0133025 40 -10 10 0 0.785398 1.5432 0.3081 -0.0958561 -0.000405306 0.0210538 
85.5 145.023 95.1585 -9.69175 9.69175 0.105846 0.021059 0.784824 3.31491e-05 0.000158396 -2.25168e-05 3.42729 0.00921124 0.0718426 0.5 0 0 -0.0102492 -0.0102492 0.01335 0.01335 40 -10 10 0 0.785398 1.5432 0.308241 -0.0955832 -0.000601212 0.020931 
86.49 147.448 97.5822 -9.69179 9.69179 0.105697 0.0214412 0.784753 3.30617e-05 9.10035e-06 -7.66091e-06 3.4273 0.00913707 0.0717524 0.5 0 0 -0.0102066 -0.0102066 0.0132826 0.0132826 40 -10 10 0 0.785398 1.5432 0.308216 -0.0951382 -0.00052804 0.0211198 
87.49 149.872 100.006 -9.69188 9.69188 0.105779 0.0209919 0.784792 3.28178e-05 -9.81283e-05 1.56829e-05 3.42731 0.00912504 0.0717031 0.5 0 0 -0.0101779 -0.0101779 0.0132285 0.0132285 40 -10 10 0 0.785398 1.5432 0.308123 -0.0946873 -0.000621221 0.0209914 
88.49 152.296 102.43 -9.69193 9.69193 0.105877 0.0209763 0.784734 3.25809e-05 -2.79725e-06 2.55554e-05 3.42733 0.00909415 0.0716551 0.5 0 0 -0.0102107 -0.0102107 0.0132422 0.0132422 40 -10 10 0 0.785398 1.5432 0.308074 -0.0942413 -0.000671427 0.0210328 
89.49 154.721 104.853 -9.69184 9.69184 0.10584 0.0211946 0.784775 3.23393e-05 5.87496e-05 -3.05725e-05 3.42734 0.00912489 0.0717607 0.5 0 0 -0.0102215 -0.0102218 0.0132968 0.0132968 40 -10 10 0 0.785398 1.5432 0.308156 -0.0938477 -0.000534352 0.0210517 
90.49 157.145 107.277 -9.69181 9.69181 0.106149 0.0208936 0.785107 3.25828e-05 5.87293e-05 2.64617e-05 3.42735 0.00909224 0.0718272 0.5 0 0 -0.0102622 -0.0102622 0.0132935 0.0132935 40 -10 10 0 0.785398 1.5432 0.308194 -0.093493 -0.000648081 0.021149 
91.49 159.569 109.701 -9.6919 9.6919 0.105962 0.0210845 0.784868 3.2665e-05 -3.04401e-05 -1.70397e-05 3.42735 0.009128 0.0717891 0.5 0 0 -0.0102172 -0.0102172 0.013283 0.013283 40 -10 10 0 0.785398 1.5432 0.3081 -0.0932114 -0.000420987 0.0212057 