
Record time: 2021-Mar-25 12:37:05
model_type: x type
mission: Fixed Yaw
0 4.67956e-310 6.95267e-310 6.92818e-310 -6.92818e-310 6.92818e-310 4.67956e-310 0 6.92818e-310 6.92818e-310 6.92818e-310 0 9.88131e-324 4.94066e-324 0 0 0 1.68571e+69 1.39065e-309 0 0 6.92818e-310 1.39065e-309 6.92818e-310 4.67956e-310 0 1.0151e+242 nan 0 0 0.5 
3.95 -0.552641 -1.11431e-11 -0.434583 0.434583 2.06537e-05 0.159604 7.22259e-05 -2.54959e-12 0.0435605 -3.57298e-12 -0.312497 -6.98294e-12 -0.0506237 0 0 0 0 0 0 0 6.92818e-310 1.39065e-309 6.92818e-310 4.67956e-310 0 1.0151e+242 nan 0 0 0.5 
4.95 -0.885524 -1.50377e-11 -0.370729 0.370729 7.42194e-05 0.17302 -0.000131589 -8.16435e-12 -0.0148447 -3.81498e-12 -0.358668 -6.22072e-12 0.0426045 0 0 0 0 0 0 0 6.92818e-310 1.39065e-309 6.92818e-310 4.67956e-310 0 1.0151e+242 nan 0 0 0.5 
5.95 -1.25131 -0.00168541 -0.219255 0.219255 0.000859039 0.133208 0.00368599 0.00113622 -0.0593402 0.0349475 -0.380841 -0.00920818 0.118495 0 0 0 0.321078 0.321078 0.321078 0.321078 40 -10 10 0 0 1.5432 9.77275 -9.9991 0.0029602 0.134231 
6.95 -1.28224 -0.0269011 -0.230226 0.230226 0.00405245 0.0965529 0.030772 -0.000494269 0.00618703 -0.0257607 0.242144 -0.0132547 -0.0934529 0 0 0 0.522196 0.522196 0.522196 0.522196 40 -10 10 0 0 1.5432 9.77556 -9.97331 0.0311725 0.0965068 
7.95 -0.841288 0.0302882 -0.295009 0.295009 -0.00937683 0.107249 -0.0862187 -0.00041589 -0.0112527 -0.17379 0.550814 0.126454 0.0236337 0 0 0 0.523551 0.523551 0.523551 0.523551 40 -10 10 0 0 1.5432 9.70653 -10.0255 -0.0828075 0.10731 
8.95 -0.105678 0.0937581 -0.286952 0.286952 -0.0270555 0.108033 -0.260624 3.38981e-05 0.0210016 -0.18324 0.809549 0.224127 0.125256 0 0 0 0.310983 0.310983 0.52356 0.52356 40 -10 10 0 0 1.5432 9.71132 -10.0931 -0.256684 0.107532 
9.95 0.870331 0.00104132 -0.251276 0.251276 -0.0505757 0.134777 -0.460283 0.000721928 0.0395699 -0.154304 1.05979 0.253424 0.177134 0 0 0 0.142341 0.142341 0.389367 0.389367 40 -10 10 0 0 1.5432 9.74771 -10.0131 -0.457192 0.134068 
10.95 2.09793 -0.463228 -0.282719 0.282719 -0.06428 0.154255 -0.558093 0.00017551 0.0150766 -0.0521507 1.44154 0.160879 0.163586 0 0 0 0.0246063 0.0246063 0.164583 0.164583 40 -10 10 0 0 1.5432 9.72128 -9.56943 -0.557081 0.15391 
11.95 3.57962 -1.29111 -0.414738 0.414738 -0.0681386 0.163093 -0.58438 8.12898e-05 0.00487159 -0.00367547 1.84881 0.0678083 0.134064 0 0 0 -0.0216159 -0.0216159 0.0619177 0.0619177 40 -10 10 0 0 1.5432 9.59412 -8.75735 -0.584238 0.162692 
12.95 5.29671 -2.37609 -0.631964 0.631964 -0.0662563 0.166241 -0.572521 -6.3225e-05 0.00154903 0.0241549 2.17806 -0.00225368 0.112612 0 0 0 -0.0415098 -0.0415098 0.0180786 0.0180786 40 -10 10 0 0 1.5432 9.38054 -7.68251 -0.572988 0.166165 
13.95 7.23976 -3.60932 -0.913465 0.913465 -0.0604357 0.168051 -0.536636 -0.000165884 -0.00171309 0.0453933 2.40457 -0.0457087 0.0986169 0 0 0 -0.0520194 -0.0520194 -0.00924586 -0.00924586 40 -10 10 0 0 1.5432 9.1019 -6.45432 -0.537322 0.167973 
14.95 9.40423 -4.89153 -1.24377 1.24377 -0.0512775 0.168275 -0.480965 -0.000276502 -0.00381409 0.0624137 2.61277 -0.0811878 0.0880897 0 0 0 -0.058611 -0.058611 -0.0244428 -0.0244428 40 -10 10 0 0 1.5432 8.77367 -5.17224 -0.482281 0.168269 
15.95 11.785 -6.12949 -1.60881 1.60881 -0.0400006 0.167293 -0.411376 -0.000335019 -0.00432813 0.0728238 2.77285 -0.100155 0.0811298 0 0 0 -0.0609729 -0.0609729 -0.0320362 -0.0320362 40 -10 10 0 0 1.5432 8.41009 -3.93011 -0.412711 0.167347 
16.95 14.3661 -7.24904 -1.9974 1.9974 -0.0277095 0.164882 -0.3354 -0.000368636 -0.00532069 0.0752397 2.87941 -0.106192 0.0767844 0 0 0 -0.0593442 -0.0593442 -0.0338101 -0.0338101 40 -10 10 0 0 1.5432 8.0224 -2.80328 -0.337246 0.164768 
17.95 17.1213 -8.20196 -2.39833 2.39833 -0.0160797 0.160903 -0.260867 -0.000370319 -0.00551379 0.0712457 2.97723 -0.103621 0.073781 0 0 0 -0.0547919 -0.0547919 -0.0313146 -0.0313146 40 -10 10 0 0 1.5432 7.62187 -1.84129 -0.262175 0.161027 
18.95 20.0178 -8.96699 -2.80293 2.80293 -0.00576786 0.156243 -0.192641 -0.000342321 -0.00543376 0.0632379 3.05326 -0.093707 0.0718383 0 0 0 -0.0489158 -0.0489158 -0.0264366 -0.0264366 40 -10 10 0 0 1.5432 7.21727 -1.06677 -0.1938 0.156398 
19.95 23.0227 -9.5463 -3.20433 3.20433 0.00304282 0.150922 -0.134167 -0.000302572 -0.00530336 0.052765 3.10523 -0.0818322 0.0709735 0 0 0 -0.0420829 -0.0420829 -0.0202392 -0.0202392 40 -10 10 0 0 1.5432 6.81559 -0.478475 -0.135092 0.15114 
20.95 26.1074 -9.95737 -3.59817 3.59817 0.00981607 0.14556 -0.0865471 -0.000250907 -0.00506017 0.0418876 3.15379 -0.0662516 0.0702412 0 0 0 -0.0354544 -0.0354544 -0.0139079 -0.0139079 40 -10 10 0 0 1.5432 6.4213 -0.0595819 -0.0873285 0.145752 
21.95 29.2496 -10.2267 -3.98171 3.98171 0.0148762 0.140297 -0.0495695 -0.0001979 -0.00464281 0.0319191 3.19195 -0.0510203 0.0699882 0 0 0 -0.0295408 -0.0295408 -0.00796755 -0.00796755 40 -10 10 0 0 1.5432 6.0372 0.216113 -0.050092 0.140375 
22.95 32.4329 -10.3829 -4.35366 4.35366 0.0184293 0.135234 -0.0220434 -0.000148367 -0.00442615 0.0230282 3.2181 -0.0389968 0.0698297 0 0 0 -0.0243135 -0.0243135 -0.00282073 -0.00282073 40 -10 10 0 0 1.5432 5.66466 0.377369 -0.0227062 0.135404 
23.95 35.6462 -10.4539 -4.71363 4.71363 0.0206599 0.130693 -0.00298191 -0.000105144 -0.00413321 0.015719 3.24254 -0.0268311 0.0698163 0 0 0 -0.0200633 -0.0200633 0.0015164 0.0015164 40 -10 10 0 0 1.5432 5.30409 0.451975 -0.00335722 0.130832 
24.95 38.882 -10.4639 -5.06172 5.06172 0.0223602 0.126557 0.00962546 -6.80729e-05 -0.00389527 0.00981832 3.26187 -0.0168187 0.0698169 0 0 0 -0.0166293 -0.0166293 0.00499903 0.00499903 40 -10 10 0 0 1.5432 4.95541 0.464553 0.00936878 0.126464 
25.95 42.1352 -10.4336 -5.39829 5.39829 0.0231408 0.122467 0.016943 -3.91695e-05 -0.00376844 0.00545963 3.27526 -0.0100642 0.0698165 0 0 0 -0.0140316 -0.0140316 0.00760583 0.00760583 40 -10 10 0 0 1.5432 4.61827 0.435778 0.0168613 0.122381 
26.95 45.4026 -10.3789 -5.72371 5.72371 0.023684 0.118713 0.020617 -1.57823e-05 -0.00359122 0.00223686 3.28804 -0.00392779 0.0698491 0 0 0 -0.0121222 -0.0121222 0.00956708 0.00956708 40 -10 10 0 0 1.5432 4.29231 0.381977 0.020586 0.118652 
27.95 48.6816 -10.3121 -6.03836 6.03836 0.0236846 0.115009 0.0216854 2.22788e-07 -0.00345043 4.18483e-06 3.29847 0.00035901 0.0698651 0 0 0 -0.0107878 -0.0107878 0.0109454 0.0109454 40 -10 10 0 0 1.5432 3.97712 0.315586 0.0213714 0.115135 
28.95 51.9706 -10.242 -6.34255 6.34255 0.0235092 0.111637 0.0206925 1.06997e-05 -0.00338622 -0.00144791 3.30597 0.00281323 0.0698686 0 0 0 -0.00989331 -0.00989331 0.0118254 0.0118254 40 -10 10 0 0 1.5432 3.67242 0.245484 0.0206862 0.111791 
29.95 55.2681 -10.1744 -6.63653 6.63653 0.0232988 0.108308 0.0186239 1.83746e-05 -0.00328758 -0.00243694 3.31345 0.00484301 0.0698704 0 0 0 -0.0093027 -0.0093027 0.0124399 0.0124399 40 -10 10 0 0 1.5432 3.37793 0.177647 0.0187472 0.108473 
30.95 58.5733 -10.1135 -6.9205 6.9205 0.0231753 0.105211 0.0157691 2.30101e-05 -0.0032066 -0.00297035 3.31988 0.0060235 0.0698782 0 0 0 -0.0089675 -0.0089675 0.012787 0.012787 40 -10 10 0 0 1.5432 3.09346 0.116308 0.0157404 0.105323 
31.95 61.8851 -10.0617 -7.19458 7.19458 0.0226779 0.102129 0.0127452 2.49848e-05 -0.0032553 -0.0030109 3.32476 0.00644589 0.0698132 0 0 0 -0.00884491 -0.00884491 0.0128177 0.0128177 40 -10 10 0 0 1.5432 2.81889 0.0640477 0.0127397 0.102053 
32.95 65.203 -10.0201 -7.45875 7.45875 0.0224372 0.0987733 0.00953369 2.47475e-05 -0.00318498 -0.0029598 3.3299 0.00645783 0.0697822 0 0 0 -0.00886342 -0.00886342 0.0128065 0.0128065 40 -10 10 0 0 1.5432 2.55423 0.0219269 0.00941617 0.0989817 
33.95 68.5264 -9.98861 -7.71305 7.71305 0.0221365 0.0959583 0.00678997 2.29988e-05 -0.00315473 -0.00259091 3.33458 0.00604274 0.0697546 0 0 0 -0.00903081 -0.00903081 0.0126164 0.0126164 40 -10 10 0 0 1.5432 2.29943 -0.0100407 0.00678694 0.095872 
34.95 71.8549 -9.96637 -7.95749 7.95749 0.0219884 0.0928061 0.00444629 2.07815e-05 -0.00312589 -0.00215671 3.33832 0.00550583 0.0697026 0 0 0 -0.00924867 -0.00924867 0.0123745 0.0123745 40 -10 10 0 0 1.5432 2.0545 -0.0327197 0.00423803 0.0929876 
35.95 75.1882 -9.95204 -8.19199 8.19199 0.0217709 0.0897212 0.00229101 1.8234e-05 -0.00323246 -0.00169322 3.34245 0.00483805 0.0696236 0 0 0 -0.00942788 -0.00942788 0.0120629 0.0120629 40 -10 10 0 0 1.5432 1.8195 -0.0474065 0.00224792 0.0897199 
36.95 78.526 -9.94424 -8.41638 8.41638 0.0216779 0.0864173 0.00077394 1.57192e-05 -0.00324838 -0.00123915 3.34641 0.00414103 0.0694892 0 0 0 -0.0096388 -0.0096388 0.0117817 0.0117817 40 -10 10 0 0 1.5432 1.59459 -0.0554985 0.00073445 0.0864424 
37.95 81.8683 -9.94148 -8.63039 8.63039 0.021624 0.0829137 -0.00036352 1.34428e-05 -0.00332531 -0.000852553 3.34972 0.00361044 0.0693746 0 0 0 -0.00979786 -0.00979786 0.0115101 0.0115101 40 -10 10 0 0 1.5432 1.38006 -0.0584787 -0.000471902 0.0829519 
38.95 85.2149 -9.94242 -8.83373 8.83373 0.0216594 0.0796208 -0.00120141 1.09018e-05 -0.00348093 -0.000494988 3.35352 0.00299391 0.0691639 0 0 0 -0.00990432 -0.00990432 0.0112191 0.0112191 40 -10 10 0 0 1.5432 1.17617 -0.0576988 -0.00106343 0.0798329 
39.95 88.5657 -9.94579 -9.02596 9.02596 0.0215348 0.0761646 -0.0015414 9.14709e-06 -0.00362797 -0.000190006 3.35732 0.00249992 0.0689411 0 0 0 -0.00998112 -0.00998112 0.0109595 0.0109595 40 -10 10 0 0 1.5432 0.974035 -0.0542076 -0.0015414 0.0761646 
40.95 91.9208 -9.9506 -9.20654 9.20654 0.0216053 0.0724305 -0.00179862 8.00203e-06 -0.0040135 -7.86953e-06 3.36061 0.00222262 0.0686011 0 0 0 -0.00989641 -0.00989641 0.01066 0.01066 40 -10 10 0 0 1.5432 0.793458 -0.0493956 -0.00179862 0.0724305 
41.95 95.2803 -9.95613 -9.37447 9.37447 0.0216161 0.0678668 -0.0016336 6.56111e-06 -0.00453524 0.000145871 3.36456 0.00191371 0.0679767 0 0 0 -0.00972031 -0.00972031 0.0103089 0.0103089 40 -10 10 0 0 1.5432 0.625526 -0.0438657 -0.0016336 0.0678668 
42.95 98.6445 -9.9618 -9.52513 9.52513 0.0216694 0.057091 -0.00178637 5.82649e-06 -0.0141238 0.000354971 3.36921 0.00167379 0.0585903 0 0 0 -0.00545681 -0.00545681 0.00590373 0.00590373 40 -10 10 0 0 1.5432 0.474867 -0.0381979 -0.00178637 0.057091 
43.95 102.016 -9.96734 -9.63635 9.63635 0.0217296 0.0427766 -0.0014305 4.92157e-06 -0.0139617 0.000394234 3.3749 0.00156571 0.0561242 0 0 0 -0.00511066 -0.00511066 0.00550348 0.00550348 40 -10 10 0 0 1.5432 0.363652 -0.0326638 -0.0014305 0.0427766 
44.95 105.395 -9.97254 -9.70151 9.70151 0.0216219 0.030591 -0.00143501 4.50334e-06 -0.0101675 0.000477685 3.38364 0.00141085 0.0588766 0 0 0 -0.00676715 -0.00676715 0.00702561 0.00702561 40 -10 10 0 0 1.5432 0.29849 -0.0274638 -0.00143501 0.030591 
45.95 108.785 -9.97707 -9.72869 9.72869 0.0215538 0.0223295 -0.00127655 4.24278e-06 -0.00609558 0.000443993 3.39336 0.00136124 0.0637393 0 0 0 -0.00867868 -0.00867868 0.00892796 0.00892796 40 -10 10 0 0 1.5432 0.271309 -0.022932 -0.00127655 0.0223295 
46.95 112.184 -9.98062 -9.73125 9.73125 0.021654 0.0185242 -0.0009691 4.61386e-06 -0.00237519 0.000373073 3.40133 0.00136815 0.0678645 0 0 0 -0.0104644 -0.0104644 0.0107251 0.0107251 40 -10 10 0 0 1.5432 0.268745 -0.0193821 -0.0009691 0.0185242 
47.95 115.591 -9.9831 -9.722 9.722 0.0216695 0.0173637 -0.000544987 4.75592e-06 -0.000297448 0.000354929 3.40922 0.00138732 0.071218 0 0 0 -0.0115149 -0.0115149 0.0117863 0.0117863 40 -10 10 0 0 1.5432 0.277998 -0.0169036 -0.000544987 0.0173637 
48.95 119.004 -9.98444 -9.70985 9.70985 0.0217358 0.0181645 -0.000341524 5.46428e-06 0.000912156 0.000222615 3.41521 0.00151095 0.0730329 0 0 0 -0.0120665 -0.0120665 0.012441 0.012441 40 -10 10 0 0 1.5432 0.287774 -0.0157458 -0.000345732 0.0177793 
49.95 122.422 -9.98488 -9.69974 9.69974 0.0216414 0.0190056 -0.000207719 5.87225e-06 0.00107564 0.000157595 3.41889 0.00161983 0.0735079 0 0 0 -0.0121351 -0.0121351 0.0125858 0.0125858 40 -10 10 0 0 1.5432 0.298484 -0.0151441 -0.000102723 0.0188923 
50.95 125.844 -9.98467 -9.69316 9.69316 0.0215981 0.020269 8.64292e-05 6.01068e-06 0.000933792 0.000127339 3.42179 0.00168777 0.0734886 0 0 0 -0.0120576 -0.0120576 0.0125467 0.0125467 40 -10 10 0 0 1.5432 0.305827 -0.0152486 5.22893e-05 0.019791 
51.95 129.268 -9.98397 -9.69008 9.69008 0.0216898 0.0207113 0.000164211 6.30935e-06 0.000498223 5.84329e-05 3.4236 0.00177205 0.0729537 0 0 0 -0.0118189 -0.0118189 0.0123787 0.0123787 40 -10 10 0 0 1.5432 0.309527 -0.015867 0.000307106 0.0208099 
52.95 132.693 -9.98299 -9.68919 9.68919 0.0216335 0.0212948 0.000286194 6.65383e-06 0.000249708 5.40147e-07 3.42458 0.0018586 0.0726048 0 0 0 -0.0116468 -0.0116468 0.0122714 0.0122714 40 -10 10 0 0 1.5432 0.310739 -0.0168048 0.000205542 0.0210743 
53.95 136.118 -9.98195 -9.68932 9.68932 0.0214699 0.0213038 0.00017529 6.79396e-06 0.000214072 4.1928e-06 3.42534 0.00189066 0.0724317 0 0 0 -0.0116086 -0.0116086 0.0122389 0.0122389 40 -10 10 0 0 1.5432 0.310755 -0.0178429 6.2872e-05 0.0211586 
54.95 139.545 -9.98094 -9.68999 9.68999 0.0218489 0.0212402 0.000122271 6.82687e-06 0.000117931 -5.39836e-05 3.42585 0.00194502 0.0722288 0 0 0 -0.0115227 -0.0115227 0.0122077 0.0122077 40 -10 10 0 0 1.5432 0.310131 -0.0188701 0.00023567 0.0212262 
55.95 142.972 -9.98004 -9.69071 9.69071 0.021689 0.0212432 5.46339e-05 6.76964e-06 -0.000124998 -2.28307e-05 3.42616 0.00192468 0.0720891 0 0 0 -0.0114343 -0.0114343 0.0120957 0.0120957 40 -10 10 0 0 1.5432 0.309433 -0.0197887 -0.000116427 0.0212718 
56.95 146.399 -9.97925 -9.69127 9.69127 0.0215316 0.021169 3.13538e-05 6.9306e-06 -0.000196994 -3.99738e-05 3.42645 0.00193748 0.0720405 0 0 0 -0.0113982 -0.0113982 0.0120716 0.0120716 40 -10 10 0 0 1.5432 0.308844 -0.020599 0.000115678 0.0211706 
57.95 149.826 -9.97855 -9.69153 9.69153 0.0217309 0.0212249 6.0616e-05 7.15233e-06 0.000174122 -5.23468e-05 3.42667 0.00196522 0.0722051 0 0 0 -0.0115306 -0.0115306 0.0122184 0.0122184 40 -10 10 0 0 1.5432 0.308487 -0.0213169 7.19837e-05 0.0210175 
58.95 153.254 -9.97802 -9.69162 9.69162 0.0217649 0.0210745 3.75646e-05 7.29135e-06 -6.12826e-05 -5.48126e-05 3.42683 0.00198808 0.0721573 0 0 0 -0.0114365 -0.0114365 0.0121304 0.0121304 40 -10 10 0 0 1.5432 0.308372 -0.0218859 -2.21631e-05 0.0211588 
59.95 156.681 -9.97771 -9.6915 9.6915 0.0217343 0.0209155 -0.000135972 6.9365e-06 0.000182716 -9.09321e-06 3.42698 0.00195035 0.0722204 0 0 0 -0.0115472 -0.0115472 0.0122061 0.0122061 40 -10 10 0 0 1.5432 0.308441 -0.0222471 -0.000133954 0.0208851 
60.95 160.109 -9.97752 -9.69145 9.69145 0.0218528 0.0210945 -8.6695e-07 7.02552e-06 -4.75589e-05 -2.33383e-05 3.42708 0.00193286 0.0721438 0 0 0 -0.0114674 -0.0114674 0.0121264 0.0121264 40 -10 10 0 0 1.5432 0.308565 -0.0224502 -4.74705e-05 0.021021 
61.95 163.537 -9.97741 -9.69154 9.69154 0.0217407 0.0209955 -1.53925e-05 6.68962e-06 -0.000122756 2.63835e-05 3.42714 0.00189988 0.0722946 0 0 0 -0.0114567 -0.0114567 0.0120787 0.0120787 40 -10 10 0 0 1.5432 0.308499 -0.0225758 -3.27394e-05 0.0211058 
62.95 166.965 -9.97733 -9.6916 9.6916 0.021745 0.0211854 -0.000125498 6.82146e-06 7.70994e-05 -6.97643e-05 3.42719 0.00193545 0.0721307 0 0 0 -0.0114854 -0.0114854 0.0121785 0.0121785 40 -10 10 0 0 1.5432 0.308374 -0.0226512 6.21362e-05 0.0211618 
63.95 170.393 -9.97731 -9.69155 9.69155 0.0219611 0.0211994 3.22546e-05 6.41495e-06 4.93203e-05 1.14625e-05 3.42724 0.00188191 0.0721905 0 0 0 -0.0115184 -0.0115184 0.0121447 0.0121447 40 -10 10 0 0 1.5432 0.308457 -0.0226884 -0.000120038 0.0211353 
64.95 173.821 -9.97726 -9.69167 9.69167 0.0218536 0.021128 -0.000120078 7.01847e-06 -0.000116824 -2.22975e-05 3.42725 0.00192473 0.0721527 0 0 0 -0.011438 -0.011438 0.0120945 0.0120945 40 -10 10 0 0 1.5432 0.308363 -0.0227312 -0.000143324 0.0210873 
65.95 177.249 -9.97726 -9.69175 9.69175 0.0217556 0.0210087 -8.17666e-05 7.07507e-06 -3.73322e-05 -3.49438e-05 3.42727 0.00193421 0.0721103 0 0 0 -0.0114605 -0.0114605 0.0121271 0.0121271 40 -10 10 0 0 1.5432 0.308261 -0.0227444 -0.000205895 0.0210117 
66.95 180.677 -9.9773 -9.69178 9.69178 0.0218683 0.0211676 -4.392e-05 6.67511e-06 2.93238e-05 -6.1462e-05 3.42729 0.00194099 0.0721759 0 0 0 -0.0114799 -0.0114799 0.0121675 0.0121675 40 -10 10 0 0 1.5432 0.308236 -0.0227146 7.6215e-05 0.0210785 
67.95 184.105 -9.9774 -9.6919 9.6919 0.0218787 0.0209265 1.96394e-05 7.01307e-06 -0.000134085 1.73958e-05 3.4273 0.00191169 0.072036 0 0 0 -0.0114427 -0.0114427 0.0120689 0.0120689 40 -10 10 0 0 1.5432 0.308127 -0.0226177 -0.000130994 0.0210672 
68.95 187.533 -9.97752 -9.6919 9.6919 0.0218082 0.0209441 -0.000137927 6.68739e-06 6.88503e-05 3.33367e-05 3.42731 0.00187863 0.0720758 0 0 0 -0.0115257 -0.0115257 0.0121362 0.0121362 40 -10 10 0 0 1.5432 0.308085 -0.0225032 -0.000240911 0.0210457 
69.95 190.961 -9.9776 -9.69181 9.69181 0.0218048 0.0208298 -0.000247918 6.63065e-06 0.000201397 -2.08783e-06 3.42733 0.001893 0.0721485 0 0 0 -0.0115607 -0.0115607 0.0121984 0.0121984 40 -10 10 0 0 1.5432 0.308143 -0.0224187 -5.71931e-05 0.0210127 
70.95 194.389 -9.97768 -9.69166 9.69166 0.0217438 0.0211727 -0.000204529 6.96402e-06 -0.000180354 7.07539e-05 3.42734 0.00190013 0.0720676 0 0 0 -0.0114481 -0.0114481 0.0120343 0.0120343 40 -10 10 0 0 1.5432 0.308338 -0.0223449 -0.000315945 0.0208238 
71.95 197.817 -9.97775 -9.69155 9.69155 0.0219029 0.0210866 -0.000145544 6.71014e-06 -3.0771e-05 2.10454e-05 3.42735 0.00188156 0.0720974 0 0 0 -0.0114866 -0.0114866 0.0121058 0.0121058 40 -10 10 0 0 1.5432 0.308434 -0.0222593 -4.976e-05 0.0210346 
72.95 201.245 -9.97777 -9.69159 9.69159 0.0218242 0.0210377 -6.91447e-05 6.64005e-06 -5.87205e-05 4.71028e-05 3.42734 0.00186533 0.0720854 0 0 0 -0.0114901 -0.0114901 0.0120883 0.0120883 40 -10 10 0 0 1.5432 0.308442 -0.0222305 -6.42121e-05 0.0211931 